1000
1	1
980
3	1
992
5	1
831
6	1
102
8	1
854
11	1
749
12	1
345
17	1
98
18	1
379
19	1
504
20	1
892
21	1
302
22	1
306
26	1
569
28	1
451
30	1
290
31	1
27
32	1
245
33	1
675
35	1
847
38	1
216
41	1
623
46	1
767
53	1
2
54	1
385
55	1
331
59	1
238
61	1
47
47	1
531
64	1
358
68	1
486
69	1
917
70	1
732
71	1
201
73	1
479
76	1
943
79	1
941
82	1
740
83	1
822
85	1
595
89	1
692
93	1
344
94	1
900
100	1
963
104	1
493
106	1
397
107	1
923
108	1
537
109	1
245
110	1
154
114	1
853
118	1
912
127	1
115
131	1
394
135	1
616
139	1
669
143	1
339
146	1
955
151	1
554
154	1
828
155	1
761
157	1
211
158	1
229
159	1
415
161	1
822
164	1
843
165	1
446
166	1
346
169	1
809
170	1
421
171	1
720
173	1
225
174	1
269
178	1
58
179	1
793
182	1
634
184	1
339
187	1
524
190	1
237
192	1
576
197	1
772
199	1
834
205	1
335
206	1
996
209	1
29
210	1
434
211	1
257
215	1
496
216	1
80
80	1
208
217	1
555
221	1
822
224	1
883
225	1
981
226	1
928
228	1
834
230	1
15
15	1
947
235	1
369
241	1
369
243	1
678
246	1
253
247	1
148
248	1
121
249	1
410
256	1
195
195	1
909
257	1
847
262	1
422
268	1
882
270	1
791
271	1
608
273	1
60
274	1
130
130	1
614
276	1
575
278	1
203
279	1
810
281	1
244
244	1
261
261	1
81
283	1
238
238	1
791
284	1
847
290	1
445
292	1
592
293	1
308
294	1
905
295	1
890
297	1
757
298	1
722
301	1
761
302	1
9
304	1
78
311	1
149
315	1
454
316	1
902
319	1
614
321	1
269
322	1
134
134	1
868
323	1
516
324	1
458
330	1
807
333	1
264
336	1
142
339	1
942
341	1
101
344	1
7
346	1
781
347	1
392
349	1
394
350	1
845
354	1
904
355	1
280
280	1
252
252	1
907
358	1
433
359	1
788
360	1
401
361	1
452
362	1
507
365	1
790
369	1
381
371	1
444
374	1
941
375	1
727
376	1
396
377	1
806
378	1
944
382	1
949
384	1
435
388	1
432
390	1
604
391	1
196
392	1
288
394	1
277
396	1
833
398	1
435
400	1
90
402	1
799
404	1
681
405	1
142
142	1
482
406	1
750
407	1
451
408	1
596
410	1
769
413	1
530
415	1
626
416	1
780
417	1
92
92	1
401
401	1
692
418	1
353
353	1
819
419	1
229
420	1
766
421	1
335
422	1
567
426	1
661
428	1
629
430	1
328
431	1
337
433	1
102
102	1
87
435	1
680
436	1
103
103	1
630
437	1
464
438	1
313
439	1
833
440	1
893
442	1
441
444	1
804
445	1
74
74	1
9
9	1
202
202	1
77
77	1
282
448	1
740
455	1
648
456	1
65
65	1
936
458	1
764
459	1
858
461	1
239
466	1
837
467	1
879
468	1
429
469	1
352
352	1
236
470	1
464
464	1
136
474	1
964
481	1
181
484	1
586
487	1
785
492	1
867
493	1
128
128	1
800
494	1
342
342	1
4
4	1
39
495	1
679
498	1
944
500	1
853
501	1
773
509	1
409
409	1
810
510	1
176
511	1
90
514	1
839
517	1
519
518	1
223
520	1
768
523	1
450
450	1
785
524	1
188
525	1
480
526	1
918
535	1
326
326	1
679
539	1
357
542	1
643
544	1
237
549	1
332
332	1
403
552	1
441
554	1
303
559	1
168
561	1
968
562	1
791
563	1
976
564	1
88
565	1
264
264	1
312
312	1
44
566	1
502
502	1
751
567	1
43
570	1
950
571	1
289
289	1
367
367	1
478
478	1
932
574	1
664
577	1
521
581	1
679
582	1
423
423	1
172
583	1
120
585	1
334
334	1
630
591	1
783
592	1
129
593	1
801
597	1
393
393	1
732
600	1
742
601	1
309
603	1
299
607	1
27
27	1
586
608	1
303
609	1
745
610	1
753
613	1
160
614	1
861
615	1
272
272	1
746
618	1
964
619	1
643
622	1
683
625	1
13
626	1
50
50	1
237
627	1
897
628	1
555
630	1
189
631	1
798
632	1
381
381	1
602
602	1
288
633	1
99
99	1
575
634	1
692
636	1
913
638	1
351
642	1
24
24	1
119
119	1
988
644	1
340
340	1
379
645	1
113
113	1
827
648	1
643
643	1
366
651	1
34
34	1
866
652	1
424
424	1
808
654	1
454
655	1
136
136	1
901
656	1
260
260	1
533
658	1
714
659	1
920
661	1
612
612	1
441
441	1
138
138	1
348
664	1
729
665	1
716
666	1
214
214	1
58
58	1
550
671	1
203
203	1
739
673	1
265
675	1
477
678	1
858
679	1
175
175	1
769
683	1
753
687	1
317
317	1
605
689	1
576
692	1
115
115	1
385
385	1
91
91	1
830
693	1
848
696	1
45
45	1
984
697	1
580
698	1
486
486	1
560
560	1
794
699	1
708
703	1
207
704	1
16
16	1
508
705	1
84
708	1
87
710	1
308
308	1
196
713	1
117
117	1
512
714	1
383
383	1
522
716	1
827
717	1
885
718	1
586
586	1
196
721	1
88
88	1
579
579	1
668
668	1
878
722	1
97
97	1
970
724	1
208
725	1
239
726	1
604
728	1
819
729	1
379
379	1
783
732	1
132
132	1
749
734	1
329
329	1
677
677	1
803
735	1
776
736	1
700
700	1
733
733	1
788
737	1
218
218	1
351
351	1
519
738	1
922
739	1
255
741	1
533
742	1
506
744	1
688
745	1
67
748	1
49
49	1
286
750	1
101
752	1
547
547	1
457
753	1
746
746	1
963
754	1
802
756	1
780
758	1
970
760	1
269
269	1
759
759	1
253
253	1
306
306	1
587
587	1
380
766	1
36
768	1
160
769	1
163
163	1
153
153	1
647
771	1
747
747	1
86
774	1
503
775	1
906
776	1
482
482	1
476
777	1
849
781	1
200
200	1
432
782	1
684
684	1
620
620	1
172
172	1
387
387	1
196
196	1
23
23	1
761
761	1
867
784	1
90
90	1
357
786	1
434
434	1
288
288	1
573
573	1
831
787	1
975
792	1
156
156	1
811
795	1
503
797	1
516
516	1
463
798	1
663
663	1
48
799	1
472
803	1
825
804	1
414
806	1
313
313	1
503
503	1
691
807	1
839
808	1
144
144	1
300
809	1
918
810	1
901
811	1
755
755	1
575
575	1
789
814	1
858
816	1
81
81	1
639
639	1
887
817	1
649
818	1
239
819	1
588
588	1
60
821	1
48
48	1
303
303	1
843
822	1
177
823	1
233
233	1
395
395	1
647
647	1
558
558	1
995
824	1
95
828	1
496
496	1
820
820	1
641
641	1
397
397	1
403
403	1
868
829	1
239
239	1
338
338	1
590
590	1
875
831	1
605
605	1
973
833	1
78
834	1
841
836	1
706
837	1
519
839	1
191
840	1
649
649	1
149
841	1
101
843	1
879
845	1
123
123	1
490
490	1
75
75	1
767
767	1
853
846	1
232
232	1
852
847	1
527
527	1
112
112	1
595
595	1
796
849	1
133
133	1
743
743	1
715
850	1
926
853	1
690
690	1
42
42	1
848
854	1
145
145	1
185
185	1
936
855	1
616
616	1
189
189	1
13
856	1
291
291	1
463
857	1
44
44	1
662
860	1
773
773	1
802
802	1
763
861	1
599
862	1
57
57	1
72
864	1
903
865	1
263
263	1
948
867	1
805
868	1
309
309	1
201
870	1
43
43	1
60
871	1
546
546	1
275
275	1
918
872	1
848
877	1
553
878	1
56
56	1
201
201	1
863
880	1
363
363	1
10
10	1
411
411	1
604
881	1
992
882	1
167
167	1
95
95	1
991
883	1
731
884	1
623
623	1
488
488	1
227
227	1
604
604	1
120
120	1
66
888	1
372
372	1
935
891	1
813
813	1
859
893	1
844
895	1
506
506	1
162
162	1
681
681	1
296
296	1
788
788	1
212
212	1
709
709	1
611
611	1
889
896	1
537
537	1
204
204	1
471
471	1
706
706	1
364
899	1
903
900	1
219
219	1
945
901	1
186
186	1
568
568	1
245
902	1
794
794	1
150
150	1
653
653	1
389
389	1
533
533	1
685
685	1
305
305	1
508
508	1
887
903	1
152
152	1
429
904	1
688
905	1
889
889	1
220
906	1
606
606	1
701
701	1
800
800	1
983
907	1
0
0	1
513
908	1
475
911	1
712
712	1
985
912	1
364
913	1
852
852	1
475
475	1
368
914	1
345
915	1
949
916	1
953
917	1
835
835	1
598
598	1
540
540	1
320
320	1
504
918	1
36
919	1
521
521	1
892
892	1
427
427	1
307
307	1
236
920	1
193
921	1
183
183	1
830
830	1
859
859	1
36
36	1
688
922	1
534
534	1
873
873	1
181
181	1
956
923	1
245
245	1
931
925	1
267
267	1
650
650	1
674
674	1
515
926	1
580
580	1
682
682	1
412
412	1
255
928	1
783
783	1
380
380	1
844
844	1
125
930	1
569
931	1
885
932	1
851
851	1
477
477	1
832
832	1
277
277	1
749
933	1
936
934	1
414
414	1
443
443	1
465
465	1
998
936	1
254
254	1
785
785	1
207
207	1
259
259	1
148
148	1
124
938	1
765
940	1
707
707	1
772
941	1
60
60	1
973
942	1
101
101	1
635
635	1
770
770	1
886
886	1
876
876	1
193
193	1
7
943	1
869
869	1
848
848	1
147
946	1
793
793	1
815
815	1
220
947	1
572
572	1
688
948	1
694
694	1
680
950	1
715
951	1
39
39	1
327
327	1
838
838	1
589
589	1
126
126	1
180
952	1
866
953	1
680
680	1
285
285	1
578
578	1
98
954	1
425
425	1
531
956	1
937
937	1
429
957	1
258
258	1
691
691	1
299
299	1
240
959	1
180
960	1
328
328	1
939
939	1
763
763	1
556
961	1
519
519	1
740
740	1
499
499	1
949
949	1
555
962	1
875
875	1
624
624	1
723
723	1
599
599	1
122
122	1
670
670	1
287
287	1
827
827	1
121
121	1
825
825	1
220
220	1
345
345	1
331
331	1
66
963	1
356
356	1
842
964	1
483
483	1
751
751	1
791
965	1
250
250	1
513
513	1
14
966	1
538
538	1
234
234	1
364
364	1
897
897	1
480
480	1
52
52	1
141
141	1
629
967	1
160
160	1
640
640	1
286
286	1
780
780	1
994
968	1
669
970	1
310
310	1
491
491	1
711
711	1
140
140	1
507
507	1
646
646	1
300
300	1
702
702	1
242
242	1
40
40	1
842
842	1
78
78	1
453
971	1
958
958	1
454
454	1
25
972	1
449
449	1
515
515	1
472
472	1
730
730	1
779
779	1
662
973	1
826
826	1
370
974	1
863
863	1
543
543	1
791
975	1
548
548	1
29
29	1
105
977	1
357
357	1
727
727	1
617
617	1
976
976	1
528
980	1
13
13	1
764
981	1
460
460	1
37
37	1
576
576	1
84
84	1
191
191	1
791
791	1
531
531	1
429
429	1
432
432	1
266
266	1
686
686	1
314
314	1
762
762	1
2
2	1
452
982	1
909
909	1
62
62	1
790
790	1
111
111	1
462
462	1
924
924	1
879
879	1
555
555	1
955
955	1
657
657	1
335
983	1
176
176	1
452
984	1
370
370	1
512
512	1
801
985	1
282
986	1
927
927	1
522
522	1
457
457	1
772
987	1
715
715	1
944
944	1
621
621	1
662
662	1
672
672	1
551
551	1
557
988	1
446
989	1
63
63	1
124
124	1
660
660	1
676
676	1
789
789	1
969
990	1
14
14	1
805
805	1
569
569	1
236
236	1
945
945	1
764
764	1
177
177	1
180
180	1
476
476	1
910
910	1
629
629	1
929
991	1
757
757	1
368
368	1
51
51	1
399
399	1
719
719	1
87
87	1
489
489	1
366
366	1
584
584	1
556
993	1
978
978	1
778
778	1
168
168	1
898
898	1
7
7	1
194
194	1
749
749	1
125
125	1
935
935	1
86
86	1
796
796	1
137
137	1
553
553	1
98
995	1
98
98	1
556
556	1
550
550	1
929
929	1
96
96	1
129
129	1
772
772	1
72
72	1
669
669	1
890
890	1
116
116	1
969
969	1
149
149	1
529
529	1
557
557	1
536
536	1
695
695	1
979
979	1
858
858	1
222
222	1
885
885	1
594
594	1
446
446	1
231
231	1
348
348	1
765
765	1
720
720	1
530
530	1
451
451	1
894
894	1
497
497	1
325
325	1
545
545	1
240
240	1
386
386	1
66
997	1
223
223	1
66
66	1
731
731	1
505
505	1
812
812	1
532
532	1
198
198	1
251
251	1
887
887	1
318
318	1
866
866	1
473
473	1
335
335	1
528
528	1
188
188	1
447
998	1
343
343	1
25
25	1
255
255	1
801
801	1
229
229	1
479
479	1
596
596	1
504
504	1
337
337	1
447
447	1
637
637	1
992
992	1
667
667	1
874
874	1
147
147	1
265
265	1
541
541	1
453
453	1
463
463	1
208
208	1
688
688	1
67
67	1
373
373	1
282
282	1
994
994	1
105
105	1
485
485	1
237
237	1
996
996	1
213
213	1
452
452	1
999
999	0
